scope = 0.000234000000000000-3.40000000000000e-05
y = 1e-4
x = (0.000234000000000000-y)/scope +7